########################################################################################################################
The results of problem ch130.tsp :
Best Solution = [ 56   8  55  64  51  74  73  98  72  91  71  90   5 101  54 121  13   9
  66  12  95  22  46  39  36  21  32  20  17  45  79  19 117   1  49 129
   0  40  70  38 111 116  82   2 113 107   7 125  29  58 120  77  89 124
  84  65  27 114  61 104 127  15  44   4  10  75 108  60 128 123  63  68
  85  87  25   6  96  69 106 126 103  42  18  26  99  30  33  16  53  34
   3  92  43  41  50  59 119  52  48  57 105  37  78  94 115  23  14  28
  86  11  80 102  76  93  88 109  97  67  62  47  24 112  31  35  83 118
 110 122 100  81  56]
Best Distance = 6229.423790970867
Theoretical Best Distance = 6110.0000
Precision = 1.92%
At Generation = 95
########################################################################################################################
The results of problem a280.tsp :
Best Solution = [193 194 195 196 197 198 199 200 201 202 203 204 205 206 207 208 209 210
 211 212 213 214 215 216 217 218 219 220 221 222 223 224 225 226 227 228
 229 250 249 246 244 245 230 231 232 233 234 235 236 237 238 239 240 243
 242 241   1   0 279   2 278 277 247 248 255 254 251 252 253 256 257 258
 259 260 261 262 263 264 265 266 267 268 269  15 270  14 271 272 273 274
 275 276   3   4   5   6   8   7   9  10  11  12  13  23  22  24  21  25
  26  27  28  30  31  32  33  34  35  36  37  38  39  40  41  42  59  60
 117 116 114 113 110 109 111  87  82  81  80  79  78  75  65  64  85  84
  83  86 112 115  61  62  63  58  43  44  45  46  47  48  49  50  51  52
  53  54  55  56  57  67  68  66  69  70  71  72  73  74  76  77  94  95
  96  93  92  97  98  99 100 168 101 102  91  90  89  88 108 107 103 104
 105 106 172 171 170 169 167 166 165 164 163 162 161 173 160 174 159 158
 157 156 118 119 120 121 122 123 124  29 125 126 128 127  20 129 130  19
  18  17  16 132 131 133 134 135 136 137 138 139 140 141 142 143 144 145
 146 147 148 149 153 154 152 155 151 150 177 176 175 178 179 180 181 182
 183 184 185 186 187 188 189 190 191 192 193]
Best Distance = 2695.5942381239042
Theoretical Best Distance = 2579.0000
Precision = 4.33%
At Generation = 84
########################################################################################################################
The results of problem lin318.tsp :
Best Solution = [193 185 179 178 173 174 167 166 160 159 154 152 149 153 144  37  38  34
  33 208 145 148 151 155 158 161 162 157 156 150 147 146 141 140 137 131
 128 123 130 129 122 120 121 113 112 107 116 124 127 132 134 135 136 133
 126 125 207 119 115 114 111 110 106 105   3   4  12  13  16  15  17  24
  25  26  23  18  27  22  19  11   8   7   2   0   1   5   6   9  10  14
 102  20  21  28  29  30  31  32 103  35  36  41  40  42  45  51  52  57
  62  61  56  53  50  46  43  55  54  49  47  44  39  48 315 316  58 104
  63  66  67  70  77  81  82  83  84  90  91  95  96 100 101  92  97  98
  89  88  85  78  76  71  72  75  79  80  74  73  68  69  65  64  60  59
 163 209 168 177 180 184 190 188 183 181 176 171 172 175 182 186 187 189
  86  87  93  94  99 206 205 201 200 196 195 197 202 203 199 198 204 311
 310 306 305 301 300 302 307 308 309 304 303 297 296 275 274 270 269 317
 248 247 244 243 223 222 213 214 218 217 212 221 229 232 237 236 233 228
 225 226 227 234 235 245 246 251 250 252 255 261 262 267 266 263 260 256
 253 313 242 241 240 239 238 231 230 312 224 220 219 216 215 211 210 108
 109 117 118 138 139 143 142 249 258 254 257 259 264 265 268 164 165 170
 169 280 277 276 273 314 271 272 279 278 283 284 290 299 298 295 289 285
 282 281 286 288 293 287 291 292 294 191 192 194 193]
Best Distance = 43703.35469921021
Theoretical Best Distance = 42029.0000
Precision = 3.83%
At Generation = 95
